# Gomoku opening lines for the computer opponent.
# Each line is a sequence of row,column moves on a 15x15 board. Black plays first.

7,7 6,6
7,7 7,8 6,8
7,7 8,7 10,10 9,9 9,7
7,7 8,7 10,7 10,8 8,9
7,7 8,7 10,8 8,9 6,9
7,7 8,7 8,10 6,8 8,5
7,7 8,8 5,10 8,6 8,10
7,7 8,8 6,10 6,8 7,5
7,7 8,8 7,10 6,9 5,6
7,7 8,8 8,9
7,7 8,8 9,10 8,10 5,11
7,7 8,9 6,8
7,7 9,9 6,8
7,7 6,8 8,8
7,7 8,8 6,6
6,7 5,7
7,7 4,6
1,6 4,6 6,4 6,1 2,3
1,11 2,8 4,7
1,13 3,11 5,13 3,9 5,10 3,12 3,10
4,2 5,2 5,5 4,4 2,3 7,4
5,0 7,0 0,1 4,1 4,3 7,4
5,0 7,0 9,0 7,1 8,3 9,4
5,5 4,5 4,7 3,6 1,8 4,4
5,5 4,5 7,5 3,6 5,7 5,4
5,5 4,6
6,13 5,6 2,11 3,12 5,8 4,9
11,3 6,12 9,8 6,3 5,12 8,3 11,6
11,4 12,8 13,1 10,4 8,5 9,5 10,6 8,6
11,10 12,8 12,5 11,4 9,3 10,7 10,6 9,5 9,6 8,6 7,7 7,5
2,12 3,13 4,14 5,14 6,13 7,12 6,11 4,10 3,10 6,10 5,8
0,12 2,14 0,11 3,14 0,10 4,14 5,14 0,9 2,12 4,10 4,12 5,10 0,14
2,14 3,14 2,13 3,13 2,12 3,12 8,14 7,14 8,13 7,13 8,12 7,12 3,10
7,10 5,8 4,7 3,6 4,6 5,6 6,6 7,6 7,4 9,6 11,8 10,7 9,8 8,8 8,5 6,9 7,9 8,9 10,8 7,11 8,7 7,3 2,6 12,8 8,11 4,8
